1416.4226699682558
370.06119764168915
521.9276386626802
1477.6342578594986
578.4112204997452
533.1401785646982
2403.773389901809
3148.6577076589333
1803.9087449203205
3272.2806740865003
2246.534998614533
1124.1497987367998
1985.961477471304
51.39776259721768
621.8792004883305
231.85049061841994
318.28733873655784
2703.4185931889983
210.10218942219498
782.2536928644043
2340.2559368581897
395.21605483583704
1181.5774286943713
1323.6192579439141
312.52911864336875
882.8267440443817
1728.663394070693
147.83098457359446
916.0919440754842
259.939781487946
554.3804289474857
3327.551046941277
1545.7480907314734
840.1482309687977
1653.2950371908828
1246.043490412755
370.53022818658127
660.4185642454337
227.68719770773112
4346.975852244868
1755.6131806294875
279.4317984768391
1136.8828743542526
530.6622089427501
1136.8828743542526
1406.498759331127
4883.479195204986
868.1486796626474
768.2613943183704
659.5198632338465