51.107111308739405
20.296320810829698
27.356346810704498
24.334003682893982
53.916005959738015
118.52546185717488
95.62585662876052
180.53051785227672
75.1892934446413
267.8279938595125
129.84979000136784
139.36769021649172
70.71530064495656
320.09322326910495
277.1251526589994
652.7436575839181
187.7722856944142
12.102095613045893
127.9639626864524
107.32270102966035
131.98741999343332
40.487412958941626
90.57497310461618
3.9498635010145104
9.9308749250654
9.60489278651711
116.84710281780285
17.95716949424244
6.1704053729370525
33.07001673053147
76.39441805953282
185.85514610224743
75.78742866258835
132.94523611453337
63.75875042390972
191.24543750838782
55.438137090104036
57.43921016260379
16.666024824792544
639.9293717877653
237.74695091003616
260.00469422087355
9.358835437844881
25.253565072122115
25.64111246639974
68.29456199081869
37.076177480079075
47.79700907101323
11.350168050111066
26.425891158674048
94.333508132313
48.975178839620874
135.05745004912242
189.73656195107648
48.888896585718825
137.16831727476577
72.72426541809106
80.98344369899476
39.35801664317255
39.47207402719274
865.6855582293726
250.96299457895717
126.62715383581592
17.433981625486016
23.436623994437557
62.06550186719228
57.6391827983287
23.50828215423419
213.8141852425803
133.02747719118435
278.3168976998129
343.16091938252725
47.950233095085956
75.46481096209675
6.2004760753842225
316.85041386801913
106.27069283323877
106.62212295790322
48.17687765189481
316.85041386801913
326.61323397851044
71.81818963976393
184.2280715920164
356.1932943219628
49.11087101931124
132.46613418377734
26.647707475308735
101.64814474281877
74.22652881293716
209.7452909643271
403.8223800566493