-9.692588572481837
-0.4354395407659276
18.680395225095474
18.931968245072742
-4.545454421593201
-15.928746311529295
14.117103034867512
-6.0564238839303295
-6.435760071884407
-6.299941819609962
-6.379177871390874
-13.38733364565214
1.775600526557273
-1.4435481251918194
4.989272311853725
0.8651005241213712
7.344925505462223
-13.723051618961334
-0.1260505115675516
0.17188682288001592
11.039728591219342
-25.468460160754898
-4.784504623330897
-20.901856762191716
2.1704712124641485
-4.2492685475817185
2.3249317677528647
2.387850577080334
3.861607409675074
1.19730748016529
8.939376534738988
15.859848237359449
-2.3649716687778795
-23.330536576916195
-4.636540319811016
-1.2889375601868953
16.166873773455194
-2.1761925505253368
-0.5099189743901534
-4.710530343084557
2.0102565798882104
8.188650072470404
-21.231148358489104
-1.775600526557273
4.733293348074583
-0.7161599454704085
4.630848134413652
-8.726786670913175
1.775600526557273
5.364344412641663
-10.237268828247306
-4.682074491703834
-5.262096379417533
6.81453052815804
-3.4850088133311043
2.0274239820438775
-0.18334586862300745
-4.7958838691258014
-7.789709955600975
-12.21600125010488
1.935860370556214
2.850974532787539
1.706909081240208
-3.010983158965549
-2.896695934223574
0.7849030756340266
2.5251077729964853
9.185223206532513
-0.09740273134101439
-6.243329805067116
7.254732311379484
-1.0140294111356003
-5.102977288952264
-2.1361422786538147
-6.407470540398562
-2.1647498310972577
-13.012608937258243
2.6509014361167873
3.0681178362635007
-5.653859044235844
-0.41252248420420584
14.975984514756693
-4.921030351690604
-8.429876087499688
4.5966931020109065
0.18334586862300745
-1.4206441286890243
10.697125422833343
-3.5934559063291602
-0.07448447140744036
1.1457628381751035
-12.843882846882023
2.3592518235055264
3.661935575519803
6.933128127853605
3.667641744464689
5.370023860360966
-4.682074491703834
-1.8442868663320553
5.068869986180722
4.300548217398965
-11.089395535772038
3.033837755511009
7.935890998314844
15.002716020768627
8.042649997902846
0.46981486207897166
4.511291248172816
-0.7390745610719599
9.146133808750983
-0.7390745610719599
-5.137080965894515
7.564617284183111
5.074554787435062
0.9338385080709796
-6.2489915591491005
5.89773535837254
1.3519294435679763
3.0395512539446843
2.536544585447001
-10.170671648445627
2.988127603332155
-1.6095878445993845
-8.261610098367902
10.580905449296656
-6.560196400571309
0.09740273134101439
-11.931098922299816
5.99409294910847
2.5422629158807886
-8.872269414558403
-2.6337492335373884
3.0452646918719317
-9.335915528199296
-6.203694104833038
8.255998743379708
20.26414601795758
11.974969405358488
1.203034544488985
9.140548907135676
15.812121966061188
7.710954676778506
-4.858462919034287
8.609198441555762
3.9300449504066384
-1.4721774710545714
9.731554222348699
3.3822463823069864
5.591438695963475
-13.549896256714595
-1.134308218454564
13.25712516560668
3.1538083664702206
-1.9186910780067397
7.806582244456324
-8.972920836228306
2.1704712124641485
-10.348201940712507
-1.8328395059420592
5.301863533542188
-6.774984902299649
1.4034658328826675
1.8557340794337165
4.323336971195682
-5.733283635506753
5.097292989646928
2.244845188067913
-0.5500225870469493
-9.892886169789456
-12.007862922033102
-0.16042776338628537
-5.023387983095929
-5.273458943940551
2.553699424599195
-0.9510225917401621
-2.4907961311363116
-6.4470750030000845
1.4721774710545714
-5.438168946609333
-8.272832329482904
1.2889375601868953
13.836546295541982
-4.044082467633345
-14.321689964350053
3.387955983941897
9.458605684856757
-7.0234482032511165
-4.37460664595723
-15.801513066879762
6.345222545748863
-6.769334996847638
4.2777581002994856
-3.7018772243027804
2.8281124656272865
-5.880727586020525
-4.2321738045539465
-6.5375762015595695
9.447455633498564
10.569832270018042
0.06875490241335828
3.627697038193031
-15.13093405977951
-6.243329805067116
0.6416859004175294
16.657183032099177
11.464106952602016
9.324757575570619
5.34730543554571
24.18008027382508
-4.283455756996309
-13.012608937258243
-10.326021564943467
6.746734053424838
-5.358664859193572
13.425284665251784
8.132508762455664
2.313491376989083
-2.770953370232509
-18.808842813013783
-5.812686124862641
-3.7361100572815924
-3.9870676640111404
-5.154131437309347
-2.610878895769855
3.7075828809274114
-14.353959235928839
-12.133880170633349
1.2717574083339687
-6.486673279655275
5.846708923984534
-14.911801687822443
-0.2062639151900622
15.78029193326061
-2.021701554970939
-3.5649196652723325
-9.725988256537043
1.0197571844755533
2.948128094867339
0.6015835773408406
-11.546631405987053
2.1933563037386707
4.869839684252593
-4.437260042676271
-0.6302281562617439
-0.2062639151900622
-5.568737077976637
-2.8109653233659717
-6.899249145940558
1.19730748016529
-6.237667928569724
2.0560355081750523
-13.91754622737652
-7.451982368293935
10.94034435243196
9.55892352154564
-9.235468329012463
-2.8166810935978086
-7.96961039432136
7.170143341082179
5.324585324286708
5.142764557884242
-5.812686124862641
-28.661016168563552
1.317570629944982
-1.5866873590654857
2.4050092587054004
-0.034377463582554155
-7.823453171058768
-3.325146685561712
3.5420893966430698
-10.630724852029255
-4.619463488889867
2.313491376989083
-4.847085769774147
4.4087825350676635
-4.197982056823912
0.9682065043038833
2.0560355081750523
-0.30939420208238483
-3.136671377923036
-7.66031077984622
1.3748347805694052
-1.775600526557273
0.21772291418078793
-7.694074720693761
6.526265333994203
1.0827613206853262
-1.8271157707986447
1.8328395059420592
0.45262724215466094
2.227682625576373
-0.4640856646800507
6.661961782633179
-2.656618731469127
-11.045247971715419
-1.3519294435679763
-2.8395436123249755
-3.4450482766951955
5.239370005991836
1.7298067848080252
-4.704839358676671
-14.520535306524893
-1.4149180583184575
20.122834111764615
-9.218721542996061
-7.254732311379484
-0.372417322016841
-4.989272311853725
9.837272227281037
-0.6932451007573786
-3.479300372158054
12.040748407342646
-1.6668367920082952
0.7448031783150642
-0.7276172823680521
4.078287506733527
-7.125016348901798
5.8240275161450725
-4.727602736943273
-9.146133808750983
-1.935860370556214
1.8385632044911582
17.09266295026748
-1.0140294111356003
-23.36434447605962
3.2794621613849104
-3.170944790192747
11.194192489297977
1.3748347805694052
-5.863718773590292
-7.677193420792739
3.028124196683578
-28.49753519729343
-2.118977234791166
16.235559849527586
-23.441554968883377
-1.907244691273292
-0.6703300342600735
11.017648995412525
-14.981331350171843
0.9968459699532354
-5.000644597558433
-5.318905033780469
2.1533069389008177
-0.7677174972240592
6.837125102583161
3.7361100572815924
-14.922501489874978
-9.703722540658474
4.2720603588393375
-1.19730748016529
1.4549999508572704
-18.536302448240136
0.6875163546390998
9.08469027171981
-5.273458943940551
-0.08021403891183722
1.7641523015723697
5.863718773590292
4.163787313492508
1.1113987078719074
-1.1171261191244548
1.775600526557273
4.2777581002994856
1.2603038465035896
1.1629445957202211
-1.861457630466729
-2.6337492335373884
-5.580088106667779
-4.038381346391534
-5.87505809729804
-16.88304382192677
7.0234482032511165
17.822598159472886
0.42398102944275956
5.068869986180722
5.108661487540085
1.1743989847261913
0.45262724215466094
-9.335915528199296
25.30478438528976
0.5843966847186672
7.311107322460652
8.15496717928445
0.7448031783150642
4.875527922571798
-1.3519294435679763
-10.6915931496606
-3.639110173443601
-15.647559355181412
-1.6840108322690344
-5.335945590286861
-9.352651117371757
2.256286672674067
2.004534032105904
2.1590284065382757
7.0234482032511165
10.763496933835862
2.9824135654116515
-2.60516118095227
-8.401841845477705
-10.951390348718215
3.9927695021588354
-1.7298067848080252
-5.880727586020525
23.34985748523385
-4.659308143066955
-0.14323915036830656
1.243123315150503
1.9129679037341807
-1.2545770277526358
8.94496768136107
0.16042776338628537
7.0234482032511165
-9.792767585201066
-9.107035821891431
3.912936610521352
14.197905243055017
-10.381466623736584
17.744671625056935
-10.22617123474763
-7.744710546422915
3.108108483431041
12.21052809287129
-6.481016763100488
16.541419512846616
-9.252213523371598
2.885265927732723
3.0624046414885187
-3.0795440424918294
-1.2946642261095027
-0.2062639151900622
4.044082467633345
1.4549999508572704
-12.319948129096925
-3.8216804013884182
27.15782360711918
-3.005269359689934
2.507952177062231
7.108091432679444
-4.106789482820738
-4.511291248172816
0.9223823587583359
-2.925269938944044
5.574412647192547
-14.42921801223886
7.7390849431401305
0.5500225870469493
-4.807262735708941
-9.781639557699595
1.8385632044911582
3.3137259490542648
2.496514862921889
-2.422167508698552
-1.9415833909372546
-6.8258280820072565
-1.203034544488985
14.003883639195292
0.5213772021381405
6.147061343153748
8.014560943306163
-5.245051754623477
-8.272832329482904
0.8421872995863556
-9.631338556051952
9.112621773174872
9.358229289435043
-21.895194492597852
-17.322700314468317
-10.037394094426103
11.199706023793233
-2.021701554970939
-2.096089918209055
4.385998956755611
9.981829287733163
-5.982758517441399
9.08469027171981
4.790194293574901
-4.744674289445015
-2.1933563037386707
-7.7278332862775665
1.9015214407379022
1.5122573167980535
-12.936438309655534
-7.722207232902739
2.6451840879352972
-13.311395726291316
-9.581208365017458
-1.3691084872390282
-3.6847598137325224
22.811622070341084
-3.2166391356546353
-1.5752369256830545
5.142764557884242
-6.209356713583547
-6.577160202392728
10.519993089796325
-1.243123315150503
5.608463754147642
-5.409777024864619
-6.339562889026429
0.7390745610719599
-4.750364619464245
1.7641523015723697
-0.8020885128056375
-6.452732279245178
0.22918189575410042
-2.6165965585503224
2.8338280671990654
-11.552131313713987
0.47554405008264844
-1.7183580016554572
-14.622506652689573
10.807728384997253
-1.5695116617371996
-2.439325323998654
-0.8937416647846183
2.3764112177133314
21.484598894209135
-3.325146685561712
-5.943084311087997
-6.232005929763539
-15.24299774290158
6.904895980245561
-16.52562278546538
-3.753225473657424
3.873014438157879
0.7448031783150642
-16.767554176377296
-4.118189703988783
-2.279169100867516
3.0566913857565012
9.848396517000694
0.4354395407659276
-5.602788844998367
2.147585428298503
3.6219903624060708
-4.773124999203005
7.744710546422915
1.6668367920082952
8.799542338620858
1.0655786277505754
-10.009614068804854
-5.114345585301181
-2.06175769075854
6.6167378979108324
13.966118981682763
-11.656588454704776
-0.6130414457991813
-8.547575367328738
3.9072336751064016
0.5385644652780025
-6.481016763100488
-10.292745135621614
7.344925505462223
-5.999759988428676
-4.169486644391916
2.8052494971399877
-3.0452646918719317
-5.290502010538169
-8.39062701325258
4.061185349639937
5.3757032022428275
0.9166542563852877
6.073420739102132
-13.213691265485156
-2.0274239820438775
-0.017188733338262707
-5.040444481164995
-6.560196400571309
2.519389291206267
-19.651646270356288
9.642476579970465
8.278443205408085
-5.716265930771576
3.233773462368543
-18.639250769565802
-5.262096379417533
-16.082271496357397
-2.753804560008009
-22.587310531365727
6.729781961109935
10.536607942821968
-13.126777104741349
13.906749507387545
-7.755961302179222
1.1285808745301107
-0.6646012338406515
-0.5213772021381405
3.7817496755439595
4.283455756996309
-5.682227488293221
2.3764112177133314
-2.507952177062231
4.323336971195682
1.2660306400687864
-2.1990774674410556
3.2052159310134973
6.401812257174007
-1.6210378949259336
-8.087584386656497
8.877862614504012
-1.5752369256830545
0.051566187638906434
-7.755961302179222
-7.7390849431401305
8.525162028542987
-5.0859240893206135
5.682227488293221
3.661935575519803
5.62548781882533
-3.479300372158054
2.6852044118345173
3.1823687573828146
12.352756387186378
-2.8738356913944796
2.856689907898385
-15.210991694883784
-11.8268496955765
-2.0503132845590293
4.721912032327848
7.361832668945453
-2.8338280671990654
-8.547575367328738
0.40679319915304607
8.239163721902488
13.153944405949197
7.935890998314844
-4.112489634177775
-13.023486642374206
4.140989165551119
-0.939566554781753
7.772836307254286
-7.136298932227255
3.7475204092458156
0.4010639059667059
0.5786676969867698
4.664999868746953
-0.5328353881817092
-9.174055685559825
7.519570325189477
-8.20548938372201
1.7240824104465629
-2.8166810935978086
-5.500621727011217
-23.950792486457615
25.840906877999245
7.851568347338003
-9.787203664656111
6.3622007694990454
-21.270963249213082
-3.9642595215343666
6.6563092518603115
1.1228535080486322
4.585307362418876
-7.423814551703798
20.470603271342327
-4.351820985500398
5.971423615787003
-1.1228535080486322
-2.6451840879352972
0.1260505115675516
-5.0631850848643785
-12.281661455345859
-5.114345585301181
5.381382438178605
-2.8109653233659717
1.7927725978357734
9.570066308618935
13.224551192213527
4.465735353742927
-2.0560355081750523
5.8240275161450725
-0.6932451007573786
11.28238377938717
-0.3380411767591411
3.028124196683578
-6.565851129682138
3.5649196652723325
0.4583564580004315
-2.2963304450453395
-1.523708431117576
-2.1246989585132754
0.6932451007573786
3.7361100572815924
4.0212775025040965
-5.665206756377231
-5.029073581785447
5.199594878283704
-0.46981486207897166
-6.520609708567138
-5.250733399810912
-0.057295760414500616
4.573921259900861
-4.767435045538854
-6.2489915591491005
-1.3232971653689412
-4.0497835086628085
-9.280118636469286
3.8901244040618224
-8.69879615470408
-30.464042539086662
-4.664999868746953
-2.096089918209055
-18.092215058898507
-5.256414941445231
-10.309384229150231
-0.005729577932209639
3.1880806460528817
-3.7189939731580433
-6.356541486091503
2.233403524333137
-0.10313229174076934
2.6852044118345173
2.9138405110211574
-5.89773535837254
0.3265824063677513
-8.042649997902846
-3.599162940790553
-9.0064589369328
-0.6244992652235651
5.051814982482862
-1.592412528273924
-20.741676850095953
-0.6588724201321855
-2.4050092587054004
11.150076660725299
5.057500083595324
-1.5008060816383502
-14.986677918553701
10.292745135621614
-2.399289745971632
5.023387983095929
1.4492740525018377
-2.662335973879195
1.4893547265513996
0.4354395407659276
4.790194293574901
-4.630848134413652
-0.08594360481195855
3.4107937157076567
1.134308218454564
11.243806728762568
-3.2965943502797566
-3.6219903624060708
-3.6219903624060708
2.1533069389008177
-0.5156480934199318
7.722207232902739
-1.2488501839301855
-0.8765570330740061
4.118189703988783
-31.574883871991396
5.381382438178605
-8.306495184679916
4.573921259900861
-4.625155857403215
15.205656407591343
0.2062639151900622
10.652861594667927
-9.391694559577303
3.2965943502797566
-4.2720603588393375
-17.118832335551648
-21.55897602624718
-8.513954372915046
-3.616283614660471
-14.708303899682749
-18.237051587840284
2.850974532787539
-5.193912306020684
-5.352985200125362
0.5442935316045925
0.41825176100562883
4.773124999203005
-2.9195552540520318
1.4320961841646465
-16.01877246312593
-10.081832214542741
-0.7104312554851406
-1.5065317142661676
-1.5408848740246182
-7.384373547878369
8.670801453590961
-6.724131000471795
-4.3290339457982165
2.227682625576373
-5.6141385529073
1.5351594236840407
-7.3280170557010855
3.8216804013884182
-5.89773535837254
8.39623451036594
-0.555751631490544
-2.2219616823780948
-5.716265930771576
-5.4722357158796875
1.6840108322690344
2.147585428298503
-1.8328395059420592
-3.46788328244581
6.345222545748863
13.121342923054787
12.647658321690093
4.664999868746953
-14.745819019951085
-0.2119934168053109
-1.1113987078719074
-3.170944790192747
-5.074554787435062
4.140989165551119
-9.268957123440194
-11.815871457769063
3.3822463823069864
-10.586441739184192
4.994958504026223
6.464046452579481
1.3061174802267064