-8.098816421348266
-3.233773462368543
14.208674523053682
10.192873803718989
5.097292989646928
-3.159520570619382
12.60946835272574
-0.14896869105850194
-5.455202814840435
10.109599820627883
0.3208530113178305
5.034759081178256
4.10108925002876
10.092939831982033
-6.961356892658747
11.315441577627501
27.39319077658962
8.126893764837886
6.571505730324534
0.41252248420420584
1.9930888166281568
12.707648044188232
10.61412018740269
-29.855823932733568
13.333097147185113
-6.8314766590069125
5.755972329272753
9.000869684994532
9.90400670265354
4.630848134413652
2.719505461272505
3.895827571765206
-2.770953370232509
-7.761586454447899
10.447974745578884
11.309932474020215
8.110047829419097
-1.8729046209277682
2.6509014361167873
10.409181789504402
15.886353079751546
2.078923991176761
-6.1300691580687925
-14.052419957489297
11.227270543039657
14.386219208625114
14.531273572435607
12.811199902078618
-2.628031727547246
0.26355872680311504
-3.8901244040618224
5.960088245003339
-13.69601285010576
6.684570602024596
9.056754415024985
3.5706270556106015
19.59572949797396
9.391694559577303
-13.906749507387545
0.8593722436446808
-0.45262724215466094
7.609654838462039
3.2965943502797566
7.3280170557010855
6.995226926689449
-22.855423090058927
7.665938475662355
4.619463488889867
-0.2864765102770745
7.508307122135914
-3.5306738395302735
-3.9984712610953443
4.083988064154201
-16.288362690862595
26.363015285927105
-5.176863974887016
-9.68702131116978
-6.2772984895975545
-4.437260042676271
5.006330592340925
-31.199097572476322
-23.010931424127058
-7.716581029702213
13.088732789694062
11.684064151029185
0.7161599454704085
10.22617123474763
-5.653859044235844
-4.585307362418876
-4.625155857403215
7.237817048767123
-1.6095878445993845
-0.09167316899321426
9.60906030425429
-0.8135453909281554
12.60946835272574
1.8900748258989577
-19.81916264137182
3.679053863682835
-1.4091919596782805
5.64818502122992
3.4279213028782785
10.608584898229878
0.5614806648208488
-1.3691084872390282
0.9911181162195452
5.500621727011217
-0.7047025512948882
0.6302281562617439
7.536464033579451
16.993152294038175
15.955232995488894
23.874181280639046
8.065118440654143
3.6334036419094917
-14.289411410348047
3.193792471289664
8.39062701325258
-8.939376534738988
1.2144886008930376
10.026282655589522
-6.774984902299649
-1.7527039356781422
13.22998079285656
3.4907171852326777
4.522679331013406
-4.835708237349964
13.69601285010576
2.593725595658442
18.86016705502146
0.2578292674707128
-2.1761925505253368
-2.850974532787539
-14.606412190465376
6.554541543097829
-13.414442739761979
14.917151721925734
-3.576334374997351
-6.59412284609461
-2.7366552560041635
-10.990044841364163
-0.8822852613210852
-1.3805610464294635
4.682074491703834
3.6562293338334384
-0.2692881808645287
5.341625565563308
5.999759988428676
4.573921259900861
-10.945867453538666
-5.55738561075561
-7.525201707581294
6.876660462938307
-7.834699697290118
12.930995766650126
-9.213138927744343
31.96003919491281
2.3306518936347276
-10.314930203176718
11.640100426260544
-5.6141385529073
17.260019624763178
-9.268957123440194
3.81027200024492
8.743578966717902
10.984523390224565
10.375923000652401
6.254653190709083
-9.948481289938362
-2.445044498637881
11.53563094344226
5.523328586571921
-1.0483957431222317
0.6416859004175294
2.393570185392146
5.398419509223196
16.494021578013534
1.964475083749364
3.6448166326835163
-6.282959506949075
-9.151718535078906
2.06175769075854
-4.921030351690604
-3.3194363503170816
2.0503132845590293
9.90400670265354
3.941450120583234
-7.170143341082179
-16.07698145748925
-8.838706638505304
-7.817829680389798
8.312105099758345
-1.008301617525644
0.5786676969867698
9.614630142458363
-6.118740433098137
-0.3953346047597427
-4.949466213912973
4.949466213912973
3.016696898298159
6.633697828234718
9.425153365031322
12.794855248135974
-15.0401288994715
-12.303540920916387
2.427886828915635
-6.6506565909284765
8.300885109208563
0.5729386976834859
14.788677614165172
-1.6095878445993845
-4.733293348074583
2.856689907898385
-1.5294339426769932
5.466558189846456
3.016696898298159
6.1413974019173985
6.215019200558525
10.22617123474763
13.343946397173712
11.969486373068207
9.308019308801512
-5.580088106667779
-5.619813241169229
-4.94377923655914
10.862999365660714
23.17576709315491
11.63460398220021
-11.067323417155203
-5.0859240893206135
7.772836307254286
-3.7703402192702424
-5.142764557884242
3.7418152704166454
-4.915342887157992
12.734906746535637
1.7698764317354567
24.63618995514335
3.9984712610953443
-3.599162940790553
1.1572173662956937
-2.078923991176761
-4.9267177190066
-2.1761925505253368
12.02978747243608
-0.5958546250102212
0.7104312554851406
-3.599162940790553
-7.040379326183085
-0.18907538605151342
19.213445922332653
-2.0445910200241824
-4.7958838691258014
13.278836302372953
-1.8328395059420592
-14.87434400295815
-6.59412284609461
23.922073930391992
12.838436279143545
11.909158352937226
-2.3821309211495945
-2.99955550058402
-3.119533827589533
-6.4470750030000845
13.97151469164586
5.483590444464439
-2.2906100426385296
5.04612978163631
1.987366149160229
3.9471525884133127
-13.56614034289132
-2.6737702994200556
-0.23491137972277357
3.7418152704166454
9.48090361795083
-3.2623293854029307
6.033759746409984
-16.37278808970352
11.491620478398252
-3.1023957185086517
6.022426966452582
10.553221003730211
-6.232005929763539
7.8122060381549066
-4.186584140707996
-2.55941760265734
-3.4279213028782785
2.141863874844959
3.604869903740831
4.266362532726669
3.456465916992596
7.2716463026550935
3.1995042329806904
-2.8166810935978086
-14.300171958711706
3.433630362450522
-0.779174565037904
0.2062639151900622
0.08594360481195855
8.81632805564582
3.5820416233206442
-3.7075828809274114
-2.513670759190426
-14.06859416105652
-14.036243467926479
6.084751380006873
31.906393027926388
2.5822898035742945
3.1880806460528817
-5.455202814840435
-1.1858532798460144
2.0732019323730935
18.014525411118857
-5.99409294910847
8.07635172615472
-3.325146685561712
3.3765367134190893
-3.3365671575472455
-6.718479908409306
17.322700314468317
-1.7126335585486803
9.374962731282425
10.818784213199557
2.3249317677528647
-6.84277341263094
6.4979859317005575
6.424444636642106
26.87589167352409
12.325416742606702
1.0025738037600627
17.39577375236138
13.452385192957495
-8.143738285800962
-1.317570629944982
1.8042204665597337
5.159814724526484
19.443031782850365
-3.1309589234158453
-8.63160186506414
10.630724852029255
10.508915526728629
9.720422105366374
5.250733399810912
-23.586081634480966
0.18907538605151342
8.41305602929492
8.676400728009403
1.3061174802267064
5.511975373891073
-4.539760783611783
-7.423814551703798
3.559212204094487
9.118207549758505
7.716581029702213
17.900456604543034
4.994958504026223
-2.770953370232509
1.5294339426769932
3.639110173443601
5.210959714983299
11.067323417155203
31.52495276399568
5.784330648755417
10.79667174222601
7.913408325445024
-5.8580489388200565
-4.903967666881313
5.205277347974245
-3.0452646918719317
10.2650094138634
2.513670759190426
24.560400690609068
1.0713062135139182
11.420074167477821
-0.18334586862300745
7.373103395287331
-7.339289498323437
6.37351896225502
9.196390023617209
7.158862429150985
-19.651646270356288
13.16480964153482
2.227682625576373
-11.88721423911641
10.486758017413615
4.807262735708941
8.183036652036062
17.218208803133617
5.602788844998367
5.591438695963475
-0.2922059421087734
6.577160202392728
21.001795975959237
4.591000277635757
2.2734485617303153
-3.073830969968813
-3.952854977922761
13.74467814852057
2.702355178865095
-2.279169100867516
11.925614112557081
-11.37052093989466
-9.162887461481175
-2.1990774674410556
26.104854009099295
20.551021862816338
12.298071395923873
-9.246631968931942
12.489368705867012
-16.783311049924368
9.12379315154435
1.5637863664403493
8.267221293769241
6.972647448462614
3.2394847760907215
5.273458943940551
-0.17188682288001592
2.8738356913944796
-1.4263701706758098
6.067755239779793
2.141863874844959
-4.437260042676271
4.619463488889867
10.497837169020086
-1.0369403817316563
13.305969763015597
2.74808818005375
8.008942666581369
4.499902808142288
9.419577347281326
16.494021578013534
-1.6553872651957648
2.445044498637881
-0.5729386976834859
13.912147993369416
-0.962478552651696
33.348914629469434
-8.491537093188775
1.1629445957202211
17.327921777241233
6.0564238839303295
8.670801453590961
-4.938092161550434
2.7137887545054955
-11.48611820256068
16.34641298533189
13.278836302372953
0.6474147533061221
7.604025660299208
15.157626676953527
5.511975373891073
12.347288914950713
-1.4034658328826675
10.912725761181463
5.102977288952264
-3.9357475745438855
8.345761216340788
-9.581208365017458
4.71622123433828
5.137080965894515
-7.158862429150985
-6.6506565909284765
7.339289498323437
11.276873405769162
14.61714209392495
-7.220900517623636
0.5213772021381405
-0.14896869105850194
5.55738561075561
4.380302844734447
11.914643827788687
6.98393746008529
1.231669503176509
10.054059822257882
-6.503642066979116
3.8216804013884182
16.625624997980836
9.012048016036518
-5.999759988428676
0.9510225917401621
2.868120487314739
-8.94496768136107
1.9244142139771436
-10.575368959543749
-2.565135729697141
6.938774151858013
-7.288559019789642
1.2946642261095027
-10.042949527854411
4.08968854058438
-21.72728181573126
15.907551930525841
14.321689964350053
-2.3821309211495945
8.883455643882298
4.630848134413652
10.259461685473655
5.87505809729804
0.18907538605151342
-9.067929279546894
-0.8192738056484796
1.6095878445993845
0.09167316899321426
3.8159762386951686
3.1995042329806904
-6.1413974019173985
-19.121431273247172
0.5614806648208488
13.398178016673716
8.693197548876165
5.8240275161450725
11.749983571776674
-1.6897354452444435
5.903404384193175
2.7137887545054955
9.525490783989612
1.0197571844755533
-5.903404384193175
2.2105196631112256
-0.3380411767591411
10.619655276155134
-13.685195600223684
10.61412018740269
-3.0224105775750663
11.155591872736629
16.145729977930696
-6.526265333994203
9.235468329012463
5.057500083595324
5.029073581785447
-4.038381346391534
3.108108483431041
8.984100893156139
-1.6153128858944013
-0.20053440944962445
1.861457630466729
7.141940015330404
-1.5695116617371996
-13.766300685466257
17.853749719338694
2.5765718302688305
-1.603862771154931
9.118207549758505
-5.188229631294207
6.92748196853705
-3.108108483431041
7.581507471984414
-1.2488501839301855
7.919029223869014
23.27737509797074
2.1361422786538147
2.942413643658823
-2.422167508698552
15.09889404064759
-6.16971590101978
3.2280620843135224
13.224551192213527
-0.3437705518714731
2.342092005831097
1.5580610399065822
10.464597335480331
7.034735755700109
-2.2162406948518574
-6.81453052815804
6.7523844873122325
3.5649196652723325
-2.885265927732723
1.7183580016554572
2.0102565798882104
3.9471525884133127
-5.6141385529073
-2.908125709964238
5.017702285219076
4.881216064551455
1.735531124625876
6.203694104833038
-2.8909809597655
-2.3821309211495945
-0.38960529564671487
9.347072766413262
5.330265509825083
-9.079103448407668
8.978510950863493
-9.31917833159381
-10.159569412690555
21.101601525357417
8.541972279440946
2.730938712134881
-3.5649196652723325
5.511975373891073
2.6451840879352972
4.391694981910108
16.135156385382057
-7.47451401424289
5.892066216665248
7.947131412904829
11.100430345709851
-4.083988064154201
3.3365671575472455
0.5271063004302443
0.8135453909281554
10.829839226099725
-2.6451840879352972
4.7560548555595705
2.1647498310972577
1.2488501839301855
-7.47451401424289
-5.262096379417533
6.520609708567138
10.956913037879495
8.855488792305765
5.807015257757434
5.965755988982693
5.7616442199929585
-4.2321738045539465
11.618113347518516
0.16042776338628537
-4.431564716435844
-11.848803527865552
2.656618731469127
5.068869986180722
-9.447455633498564
-6.220681565651294
-5.6141385529073
8.84989491107909
2.896695934223574
-5.47791313412182
-7.502675301680434
-1.3576558186241108
-4.289153328819018
3.793158831467921
0.30939420208238483
3.833088499057676
7.575877556504349
-3.5249659556662793
14.321689964350053
-15.322970211957063
1.947306372560889
4.7617449976210775
-14.165591259502595
-4.351820985500398
-1.735531124625876
-2.2391243785348327
-4.34612435460243
6.622391337579464
-24.910155458404304
-13.094168411897243
7.654682935333033
4.778814858503644
0.962478552651696
-5.290502010538169
7.958371211845147
5.517652034560539
19.315563744619013
6.746734053424838
1.1113987078719074
6.588468760383499
6.282959506949075
19.044674027088476
0.9796623494291168
-3.4050843842066807
5.682227488293221
13.457804563109379
6.016760399049508
0.011459155749827723
3.302304948923289
12.418348205822884
7.986468010384585
-9.48090361795083
0.5328353881817092
4.6536163252232505
18.014525411118857
5.34730543554571
5.7956731811573095
3.010983158965549
9.257794900667848
-15.668808186680284
-0.3208530113178305
6.786284315982588
-6.4470750030000845
4.186584140707996
-23.34985748523385
-8.917010232707561
-8.659602404156674
-7.665938475662355
2.9366991338602397
5.8580489388200565
4.37460664595723
4.858462919034287
-6.288620401139311
10.281651431331412
3.519258001746555
-3.8901244040618224
5.500621727011217
-8.025797031255047
-4.830019327725715
10.398096313501092
10.364835165300068
14.56884928395639
-2.2219616823780948
10.181773112372762
3.119533827589533
9.425153365031322
9.7760752644271
-1.8042204665597337
0.15469822876935715
10.026282655589522
-1.3290236743504777
-9.028814215357
15.41353177270606
15.06684435063859
3.033837755511009
-3.2109275652756284
1.7298067848080252
-0.06875490241335828
2.3077711123341014
1.1858532798460144
12.620380936144283
3.4850088133311043
-13.159377144173531
-4.989272311853725
1.821391999174807
9.414001149471819
5.381382438178605
2.530826204447816
6.220681565651294
-3.3308569546758617
0.5843966847186672
-7.564617284183111
16.224995876387528
3.5934559063291602
10.115152766462039
-4.790194293574901
3.952854977922761
-0.2062639151900622
2.3249317677528647
5.653859044235844
6.565851129682138
8.031414842275954
8.620400485315507
-20.80679101271123
-5.330265509825083
2.908125709964238
-2.6223141691805063
7.24345561072439
9.09586339561713
0.5385644652780025
16.47294836932779
3.0452646918719317
7.7390849431401305
-6.379177871390874
1.8385632044911582
-1.0827613206853262
4.602385835434099
7.203982720755946
-1.2545770277526358
6.322583173930961
-4.81295202652153
-4.790194293574901
6.3508820781393345
7.40691212849523
5.8580489388200565
3.850200074595301
-3.148096099562759
-14.42384406877066
9.848396517000694
5.653859044235844
11.315441577627501
-20.20866120596597
-2.8166810935978086
5.159814724526484
-3.9243422482828727
0.5500225870469493
26.408994805516258
9.341494236656718
-7.491411223427869
-7.0798804693038715
7.9527513893821045
4.591000277635757
6.628044647722634
-9.90400670265354
8.956149459252211
-7.000871455347988
15.976417303485965
-15.301650186747473
2.2620073475200733
10.259461685473655
9.55892352154564
-2.7252221138533153
5.125713477906414
9.313598909305016
6.81453052815804
3.7418152704166454
6.6167378979108324
3.2623293854029307
3.353697367582055
-5.733283635506753
-3.764635378781293
-10.973479868342956
8.41866287779965
13.863552557832135
2.925269938944044
-1.592412528273924
10.209523390502852
-12.0791046311474
2.5765718302688305
0.8135453909281554
3.193792471289664
-13.284263480133198
-0.005729577932209639
1.4664516602477828
0.3323117948863778
10.757967088390004
-1.9701979092054065
-2.06175769075854
8.693197548876165
4.955153093502396
3.7418152704166454